15 0
0 58 14 19 36 21 45 72 44 15 16 47 8 57 60 
58 0 42 62 8 3 75 42 97 30 27 99 86 88 17 
14 42 0 16 46 61 7 17 44 44 9 92 19 35 16 
19 62 16 0 3 44 74 29 56 94 75 26 41 30 41 
36 8 46 3 0 86 61 62 6 94 40 6 39 53 38 
21 3 61 44 86 0 75 56 76 44 2 98 55 9 45 
45 75 7 74 61 75 0 7 51 66 62 27 96 90 24 
72 42 17 29 62 56 7 0 48 88 16 41 100 75 56 
44 97 44 56 6 76 51 48 0 82 46 58 58 50 29 
15 30 44 94 94 44 66 88 82 0 83 42 11 53 19 
16 27 9 75 40 2 62 16 46 83 0 41 92 75 79 
47 99 92 26 6 98 27 41 58 42 41 0 67 28 32 
8 86 19 41 39 55 96 100 58 11 92 67 0 17 34 
57 88 35 30 53 9 90 75 50 53 75 28 17 0 17 
60 17 16 41 38 45 24 56 29 19 79 32 34 17 0
