12 11
0 1 1000 1000 1000 1000 1000 1000 1000 1000 1 1
1 0 1 1000 1000 1000 1000 1000 1000 1000 1000 2
1000 1 0 1 1000 1000 1000 1000 1000 1000 1000 3
1000 1000 1 0 1 1000 1000 1000 1000 1000 1000 4
1000 1000 1000 1 0 1 1000 1000 1000 1000 1000 5
1000 1000 1000 1000 1 0 1 1000 1000 1000 1000 6
1000 1000 1000 1000 1000 1 0 1 1000 1000 1000 7
1000 1000 1000 1000 1000 1000 1 0 1 1000 1000 8
1000 1000 1000 1000 1000 1000 1000 1 0 1 1000 9
1000 1000 1000 1000 1000 1000 1000 1000 1 0 1 10
1 1000 1000 1000 1000 1000 1000 1000 1000 1 0 11
1 2 3 4 5 6 7 8 9 10 11 0
